7199048
9210785
4356753
2818411
333935
8838282
9761145
9665926
7767550
5328659
4938434
221002
7084566
8170686
9347430
4215194
2407352
8999257
9565568
1104747
9777860
5412078
1920817
5351842
3488783
6966752
6486454
2157745
7043489
4428854
5015992
4242541
6155994
9372746
9577304
6489928
727379
9338447
8672203
8494924
7183452
3610630
8715919
4268010
4297658
579690
999544
6704998
9578933
565097
7809729
1873129
8493509
2246879
9741303
1982272
1729962
6227734
4139993
1289778
3172914
1672310
8048643
9328879
1045026
7625917
8335128
4288724
9480682
7007296
2783613
6664097
3134240
4015845
3448419
7431858
7111845
4447921
6653164
6690733
7529324
6979198
1080166
6022785
1742380
821418
521357
3472289
9565450
4661295
4762011
2738308
6333547
2810596
4583479
9894864
2952803
2918544
6699877
4949772
2442126
1999775
1613801
5576298
6015550
5062150
5524436
3127322
2026349
4693877
2334331
9555596
1672997
3414419
5578301
3415296
6752107
6099575
6887501
8833825
3277136
4165778
1572045
12126946
9492636
8671785
4538071
4961698
4106588
1237853
9911374
6548617
3237530
4041428
4641167
1769331
1619828
2681852
4896549
3646072
7375623
9747125
3201561
9048512
5677786
1296103
4980048
4946133
9911917
4383787
3779842
3188936
1065799
7868120
5315763
558314
6539783
2370063
8036240
646246
3607790
7947487
9711088
6845191
4505137
6868476
8614390
6124833
9550195
6027156
9770769
6925681
5774143
5488543
8490405
3968141
6784505
3470311
8914130
6696277
370304
2693825
2401417
1435954
561795
233381
1994116
9617777
2603290
30201
2780220
6210923
493882
2491149
5572306
4998858
1875815
4186533
1123527
1425845
2729875
3410482
867711
1020202
1415207
1874297
4988171
8199539
7860786
3902126
7411992
8230913
9112125
9813231
9666687
2190091
2562782
4176972
4324036
5165888
6723339
7104069
1376623
7217032
2111380
9465091
4732051
3987003
6167782
8371735
7929004
8897461
4298371
1312868
2433815
5713378
3186964
7421783
3912713
1047545
3840055
3840851
9278251
5468323
6170224
8944727
174554
8732793
3121486
4498375
6414817
9844608
1602227
7791222
9577773
6229738
9772443
4309601
2732869
5940000
5197462
661647
7353585
9495605
1974285
9787169
5208751
5161016
9725070
1637581
8724678
3564888
5478194
8002690
1549323
4164529
9463527
1723634
5413431
5101120
6221764
1828001
7461833
340094
2135325
9555707
6569580
1907515
6381406
9302195
7847260
1578611
2479936
5200586
1073956
4453960
4987494
8798796
2131065
4712299
436112
3371828
793272
8430389
1374248
2342324
2594647
3353854
4065685
8007803
971051
2803524
9835526
948957
3143338
4486923
504382
2228987
6394154
6885503
1530896
4241127
8463826
6526895
1957776
2053844
980564
9461329
852346
5627686
4173332
3804513
8999216
7482657
2234603
2889515
2341032
7345299
8759417
8922764
7869148
9730161
1725980
220717
678808
4869007
4707328
3699229
9614032
1101168
584416
3660964
7858329
1564276
187539
9815784
6134150
1167780
9276789
9502523
9311492
5966147
3306709
826731
5964826
8057333
3715914
8305525
5402298
2474997
7227953
5787461
4721172
8953594
6007838
7915992
6338611
3231176
1614877
5952299
4331998
4715299
2129267
14706330
8795577
2316455
7038115
4929374
6000234
6314549
4431541
5311369
4796690
254243
6137741
3277508
8311214
2369644
1582669
6229499
7360627
1326608
4532944
2081431
2796184
540412
2513403
1650775
6287566
6644257
119050
619187
3875530
2247938
7841489
2670726
4564011
4879221
116068
563860
3709737
4547223
8391194
8506038
7317428
4528544
4299506
5628250
6897794
5881781
4373705
6774377
7207991
8906251
1371760
2520126
1962613
3884760
4170497
8249774
3044963
4289140
1384905
6920085
6536668
9225983
9590399
1100267
6621143
9706053
1663711
330463
6769210
54486
1352433
4086217
7098960
5651517
2230395
6512682
1532872
9120026
3286631
1256786
542199
4657960
3776480
5020731
1058638
462895
5786421
4103164
4751597
7170887
3539161
1287825
8912780
5645470
4904000
5533478
7867429
9083616
5863493
4636190
1654005
7215476
1238307
8752512
5382891
5984600
7781090
6915306
7620520
3583614
687984
8162258
8241112
6980353
3182525
1815637
7442782
8968479
8434686
2193911
8655248
1973376
5997616
83907
7618372
901141
5616910
5485324
9984279
3996276
2637386
1637803
3727622
6391563
2906184
9110028
4892029
686787
8541198
2512060
4269912
1745043
673826
5026883
8724903
6372208
9358377
8683540
5340189
7792564
3393303
6511288
2281790
9390416
6594691
2416010
2807403
4727446
417178
2791174
1239565
5570406
6944817
7483026
1961455
2366838
9108891
6852967
5569460
7649570
1880859
2355203
1910444
5070514
9897914
634822
1442196
9255764
9317834
9298208
9564150
5226959
5808964
1845408
4616841
4919472
4260882
7423708
9646381
4677521
2730694
885405
247385
2191320
884239
4724647
7073965
9992583
4093418
2642876
157956
5973726
7513879
2067847
1043686
7411238
2702113
5001677
6666445
4535740
4299325
8746386
9762137
2624078
591230
6894766
7542985
7367897
6834258
9705149
4561201
9564381
3106334
7324365
4271479
3989998
2048437
1344867
3982004
8657628
6503515
4139379
4630773
4016811
6206642
8190226
1427464
1424520
3191316
609672
8476022
6402
9355466
753919
5146239
2462454
164441
2688627
2346105
6998100
4909528
6906705
9078231
8015259
4230467
3349105
4521003
8794649
7209717
8502398
7451667
3712621
5157517
4598179
245171
3879896
2787790
1672018
7820150
8494839
4797422
8811904
1016971
6668617
9565199
6162585
9130445
9729013
1366936
3992274
9242835
6275833
898347
8320433
6806810
7644531
4185254
1327177
6438542
1394332
2345287
6405921
7622664
7502162
1003456
7867190
3897764
6306951
2054912
1717266
7317492
6851683
528518
8333811
6035998
2609414
4495740
5165787
4854121
8378370
1673753
4096295
4653541
2571437
2416064
1459687
2731655
9117003
5302548
1685880
510666
7647164
8091129
649009
5148652
9093911
1031875
1562092
7916536
3086108
3278678
5233348
2453461
6322865
3566475
8488774
1447945
577880
6170225
6301377
8955560
7843287
2913332
6124761
2930383
7845053
7583752
5661341
6961358
2885601
7346521
9987675
3048415
7953300
3152332
8196363
9562857
4183500
2274099
7478684
9785250
8068418
2711320
2237998
4390569
8793432
3242409
8354149
9370595
9411915
7171158
841786
9770833
83767
6965823
2700491
7928094
4548848
877456
7405075
9950071
8223246
7392019
2997754
6175812
543616
3709733
5737932
7242731
8499445
5732229
7027240
6567121
8442806
9264495
3473297
9751845
2506157
1826698
1638043
4433674
8997105
2479077
6720106
9080118
9444146
9419841
9523807
6508588
296538
6928122
6457899
1035375
6835730
1971241
9726774
9894933
8196559
7980291
7136895
6695234
3711749
4163363
5777934
4670133
5943435
9250455
6937553
965166
1076374
8574816
5398060
2589049
1053111
2117382
4184734
496471
4052789
3707753
7004270
6864889
3151436
5977729
415823
2502725
464527
141802
2396861
1176640
637646
9532956
387425
6864945
6211868
6164555
4050625
2154498
5414203
987371
3118855
9006119
9561376
1032455
1594355
3130025
3149023
5778273
3625679
9717346
2001559
3145482
6581414
7668526
1638740
6996414
170426
2102442
9653741
2566459
5794605
2806909
4614936
6181199
9671021
825970
4861271
6237162
2979631
274637
7223694
8613999
1796267
9300581
9645611
5906131
2429761
5310140
4199909
8570945
5026637
6200619
4231928
1607200
6384644
5869814
1119111
6554214
487751
3288346
1636166
6281497
6094394
8766592
4978185
8280903
2108049
9838590
4517198
7603165
2628710
4256375
6216293
4424106
6072435
5861030
329362
8501320
1170294
4528393
9587738
6196051
3244483
3818784
318720
9628243
2204066
3953297
8697922
2690929
9757106
2849550
1487887
8366960
1615249
6465178
6646968
3722403
6302872
3679621
1324669
8930682
7935095
7540060
5870237
6522978
5916537
8715045
5023391
9602275
5758882
7126572
5797416
9002453
3460795
8631574
1146134
5663945
5100307
2359490
8353956
4856493
5208120
9840921
3222531
6822445
8821527
2384925
3060273
5123471
6063617
6900364
6569574
6514132
4439491
4955230
3036175
2871445
3669338
574981
2472781
9427280
216964
785607
945143
3676815
1932589
2090331
9339814
7031948
6965224
209172
4403842
2172392
2565492
7625419
1510235
1386063
2525740
4569550
9024927
8588397
1468954
5593540
7617919
8423833
547805
653128
1294311
4216175
3743492
6282475
6158837
3959484
7067109
7103006
7635325
8998722
1708712
9490513
8546043
8672956
9698704
2948904
844366
2263212
3089690
4869967
6164641
5614442
9438528
5188578
4201849
3422842
781125
4335126
4362033
3844286
4987257
8171698
575815
8729750
4453172
6733650
5204583
4035630
6352003
2838902
5549697
8059707
2328406
4094731
6731652
4542450
9558974
91356
9321000
2647648
4960306
5484623
8261072
6914167
672180
4978251
2852338
3968634
9312352
7213345
328245
6814933
5384015
903030
8060004
2352507
151999
3263554
6387102
6502966
8617771
1935762
4561634
3461490
6029452
3808597
8002897
5587382
6415260
7322851
750335
3890871
5322777
1526709
803987
8510258
6503907
3655271
2477837
8331555
3383912
2805024
7661782
8766867
6223346
5720724
3634663
6374281
1499565
20700
5392533
2632621
1955393
9953097
6093040
500125
6276973
4094863
8602784
2691158
3932990
1868393
6580950
1771039
3394022
9900207
280214
2413197
6070745
2756965
743666
9453569
8077253
920710
735697
6815859
9156693
4369267
3189045
655163
4388870
8580480
3286685
8859515
1048829
1894975
1874889
9841050
5988733
2992919
2531101
2436967
4860203
1627293
4206896
8253113
1526387
4485996
665196
7596017
9758197
3924096
9564819
350682
4843685
299395
7165418
3999254
7183889
2869689
7169642
1571631
3965393
2971549
2946367
7529442
4865391
4820122
7369357
3369341
7811904
2415673
5805169
2670967
4041825
2527275
3439290
8083421
9528479
4103340
8194643
9285528
8026287
7758312
2151411
5385172
572906
9315675
9383271
7755639
4700559
9068108
1842463
8664792
2038496
7304020
8709423
9419076
2122977
6077615
2787250
2450065
8492119
1107601
7636214
5049124
3633704
1074330
5647722
5677359
7692845
3841187
4961708
8234304
4114671
9628289
3618293
4686393
8942779
5516730
4957198
6158502
4583649
6798471
7338456
9137306
4101299
6046685
8555187
8739432
4639455
3857591
3704651
5646726
7480343
3856015
3211000
3629195
7445492
8857516
9305347
5137129
2697495
6782197
5886574
6810954
6409273
9503653
4012484
7867188
5019166
8968464
4024472
2117948
8282067
1361706
1254031
4898494
9923518
2324344
6153051
4561746
8697058
2372824
2723593
6176169
6227606
5933359
9804130
6188214
4789639
9108239
1324104
2246
5889196
7209436
6811957
2297225
9228196
3339547
2679519
4246115
2306763
6702741
8879164
3103930
579546
2648293
8001169
501808
4971380
4152962
7578647
6183530
9040878
2817331
2358436
5267220
8749425
2161300
1454168
6054148
3784623
5293354
6055123
2188899
5017870
2865806
7001201
6761142
8720429
9679442
3522330
1025912
6380902
2400212
4128559
9475516
5047220
4644794
2492390
2533664
1312819
69747
8715903
352405
5402137
1073046
8134683
4150267
5749401
2103905
203116
2049076
9912310
6256938
4236672
7445228
1637791
3752920
4205064
356912
3431053
7726084
3897865
2326996
124984
541462
1801197
7687240
5184939
4292269
219586
6496439
6877048
1450519
9363873
2277861
2522240
7497230
8943153
786666
2116158
1661292
2834411
2027137
7916897
9586102
9471030
2069704
3337685
3674756
4941630
9283750
3915852
1354505
1609403
4039492
1894623
3409255
4241737
9594566
216527
6976325
8606006
7092223
8425492
7968526
1885082
3462728
7980751
826877
4248035
95550
2486808
9597437
2121324
2918693
1698526
4107340
7503383
5034843
7780728
4959995
4317222
4211560
6313127
8441604
8249677
722726
4365834
5006388
315914
4580981
1981333
8920538
4188174
405441
9404031
8588222
3866782
7383395
1930062
629780
9993906
6931831
2742176
4630188
9849129
4439306
8736131
9867466
1989102
9031811
4826060
8821274
3241968
3654136
7261473
4006591
4375455
1625899
9011571
7206311
8721822
3507844
6125437
5424934
3911870
5528052
4011739
293586
5426380
5940381
3438297
5418864
2870789
6179049
47627
5234845
3133280
8782331
5100882
5120952
329063
2441863
6457146
3569598
8610916
3717183
7574752
2984933
7857996
9101235
189804
9094728
2607636
8830149
4518217
9034412
6873106
8528508
1842902
2298037
4467438
7796099
7715448
9853126
6490046
277972
5086514
9621868
1575196
185936
7257712
1902797
5142688
3713394
7987282
3752138
9945462
8076919
9251955
318340
7176683
1956639
9411595
2299198
785313
6444688
3848485
7656941
4971717
8206259
2469849
1954026
6000876
2700166
1805667
2489436
2976651
6890693
4626167
4550357
9591490
4398739
8968013
7249037
626990
6953800
3516030
3087307
5029220
2766485
3404146
2204401
7237973
5330590
7018446
538132
1773771
3381776
709917
9260331
1586524
3178254
3729196
102238
5876905
5533347
5106509
8852038
4938873
9731157
5917226
7045193
6644725
4883716
4292705
7270190
1835989
7807208
355968
9380031
3088514
3758582
4099251
324954
1603989
1116162
861549
5892575
4496399
1569926
7667717
8597733
7262990
1395369
8698427
3138349
9443521
3803388
4505191
6897196
3532994
2937217
3940836
176166
335730
748338
9961151
4686513
1070339
315559
4064983
4157291
6588930
8162671
6997032
707706
1793618
373366
6598712
8804799
4458073
6781209
7400959
1719489
8175003
6097810
7372614
133298
9899620
4392577
7028913
5947384
7328211
3484517
8638317
7662356
4231268
8597880
4863632
5300017
8911848
8927024
1972068
8015537
9604452
1483856
8721646
1396472
4371975
5318758
199670
8828447
4614716
7599025
3062683
2788113
3695229
2950041
5436154
6109591
7341007
2463455
2055362
7183957
8462709
692064
7361048
2692360
1804677
2223060
507108
3231256
1148461
4993904
1245168
751287
6476134
9965186
4662482
3362831
7798665
4860520
2189645
2411747
4974263
7767045
7714575
8667854
715447
3149089
7292156
8054813
8127253
9345874
5237125
6588316
2552643
5112877
1795379
6872023
7334286
4817188
101626
997446
9809437
1345138
1747076
8800265
3825017
8924251
2161436
4138372
3783108
6865769
6548454
8755705
4631147
6777713
9938242
5344925
2441483
7228726
5914417
3083414
9089278
3666218
2186405
4156595
8777416
6496457
1026937
8626372
1311962
1126879
9622133
3636065
4986682
1367522
4950994
1326361
290082
9627090
5463040
6587848
6491164
4526150
7858209
3636966
3818516
7794751
1496542
6258297
7538127
9925607
1856358
6625699
3590118
4041056
780585
4882176
3052154
4322163
3506835
4362402
7963679
3127253
513102
5464996
7009408
5462376
6789636
9814120
5087743
4767305
8916595
4093534
1808080
6773076
245123
5624867
4566097
4256285
4397783
4618842
4180157
6252406
1242804
284889
2808075
4538001
7681676
5858487
1374773
1186767
2735496
9336707
6828625
3246850
4799954
6352635
1223828
4104190
6165002
8826169
8869740
7596194
5434298
676063
4367511
8194013
6299169
1448198
2448535
3211540
6065275
6626926
9462179
9822663
9426398
4784836
6875246
7106302
641550
8248245
807647
5891622
7583175
150846
1653046
2381349
6501701
2875092
9000109
5181271
4215828
7868063
2775678
9648339
1058689
7141400
7840561
9872418
1104157
2803655
3082164
7167637
1945136
5058897
9504853
1369735
9841933
6378297
990586
2998031
4624738
1796427
8887847
2206105
1945465
3055435
7101996
8445354
8445066
8616643
6141162
2659078
6482889
8915023
4821950
56111
8570954
5177042
9926706
9673287
7978872
5523396
9355449
9922180
580465
8858473
3806436
420566
7751289
4795189
3416762
2374191
9106131
4819123
7094810
3566108
7872717
6711316
4525971
6315939
5326114
665288
1489523
4323507
9578462
6309623
4377767
8147564
1484812
6818972
335348
1978180
2340511
9688940
4414854
2919116
1061904
8219428
5854171
8811329
5529104
1785420
3700006
4633368
6602674
792946
8197605
6989872
18741
2721703
3303936
5342979
5901466
7307933
2180959
5478048
3615676
9073197
6140081
7614956
5890284
8989895
2107602
745259
1193298
6520566
6178837
2253310
7254453
2031114
3579097
2781662
3814637
7277205
9929483
2931764
584602
641538
9919733
601439
5877688
5738115
8458863
1777246
3044140
637912
9769735
9174256
9709196
8424254
9303649
8113916
7412233
1409333
8857257
8603611
444330
7550524
3371351
7696860
9579713
6948522
2992947
5908775
6740150
2920500
8838608
7322820
3560105
8756407
438676
1952210
7008937
8895601
3727517
2567489
9531572
3495311
1739802
1755177
1917620
1041506
2383498
1844257
4965242
3755157
445918
5407621
1303728
3815315
3102526
881486
3278232
6093515
9304654
16422
1528406
8141300
9853631
7602899
9412094
290341
9553142
8935415
1700325
3278690
1500934
3746277
9288380
3238762
5499479
1204024
6794643
397352
3046303
1757906
4150528
6006591
7163544
5452273
2336273
2780436
8848124
5612517
1388314
8150788
8143300
2914728
6290095
511289
515632
8216545
3315985
66777
7149961
5014310
3343466
8648893
8758584
5146194
4402003
6772410
6348211
1194638
7167753
1908856
5466885
1316269
7913434
5144767
9282879
247691
7923186
8128985
8374541
9309480
6277752
9032171
4738537
5082175
2057787
5252144
5813045
5371744
7833244
2960977
2900375
3691030
4124189
1656926
8835189
8524156
943651
7697714
2233108
625716
9604530
7697951
4456294
32272
2840674
3737128
2794269
3278164
1864064
1166760
5101946
656117
2713231
9838429
5736237
4768962
7604868
1547225
2655000
5436052
7022493
5553313
9125019
1144618
9724526
474494
2183060
3182461
8170140
4414098
3806106
7772598
2109976
8260327
7802795
7464926
1995378
594986
741012
6373714
4276018
5840876
7027748
9503517
8193572
5278252
6786744
5796353
9339740
9439654
1230314
6360141
7507227
2869592
19016
7229657
3341989
2199978
410020
4026381
6611975
6730376
1796876
1236200
4988598
2113918
8699019
9498220
5223147
1954273
5869824
2013405
7793036
5411810
1514807
8500845
687945
815786
4295079
25565
253319
8039623
6383583
274774
3423442
6400474
7502305
9279656
8598323
426547
3303906
7724519
7154790
7615001
8958584
4657605
9726782
7655465
6670038
7464141
2123950
2537720
9475404
2431194
7947386
3504417
929892
1149535
6834406
5222821
1172950
7085574
5776644
70731
9874545
9197930
8985400
9891044
8475427
97916
315430
4293524
7820272
9984409
1906360
9293042
7156199
4147326
6946338
3824067
1609296
1584468
8875967
3598878
4013488
9337529
9617471
4941202
484885
6449697
2678195
1655653
6049440
8452655
4240552
5921800
7648398
3223764
5810655
8637988
3319489
8640246
2929319
3653919
1138812
4833483
2944764
8292813
1494962
2405255
4631031
3102056
3987520
3504794
9215082
7998802
2840116
8830345
5454148
5839144
7794183
8130131
7492584
3841410
9096923
4247272
2277345
9259455
7468818
8085780
7895222
3302437
9240155
3338669
6954132
376741
686277
2413020
1183677
2179009
4816044
5812477
7795185
1317683
1831388
7008031
1830600
4669267
8352489
7282508
506170
6144430
5410396
512862
2499947
4505073
7274240
4775044
3762280
4740808
5374926
4171602
557344
4612827
7508017
25572
4987312
708388
2436334
6168729
2885137
9766468
4495295
678058
1081886
6324418
200174
2910219
3507768
8550393
190456
6528018
7208902
8114931
9554957
9706574
5134079
6826919
6995691
1410431
1565446
2368335
8096103
4636859
6978878
8118186
4660144
4480254
8824285
7094188
3163044
1707130
6858364
7656046
4899245
454306
3978167
5097121
3362226
7483635
6161565
6066733
4009350
3368164
4179359
3562001
5588783
1827482
2902964
2582164
3235603
4466098
4948187
1329392
1616994
1924749
9445261
6274821
8919036
783578
5883040
2079758
2488386
5255432
2249831
9901657
5707412
6225670
7512802
1583660
6223326
3672035
7648060
2746694
7037864
4341435
8822711
2624309
8682931
1723335
7720485
4432544
8703442
2666328
5759591
318091
7105082
7718856
9106915
6021768
8500083
4987603
615525
3502467
240681
2863001
5918120
8462087
1602664
3428562
2559738
339981
9614586
2721787
5600662
9166437
7060855
4421005
1788377
8257768
8658321
2022842
2687939
7359390
4686795
961506
191456
1789499
1194335
1812343
325238
2208389
6797563
938380
5708471
9552210
6315346
4140555
528260
431972
83078
3085607
769560
9695271
5804999
6367827
8859311
5379808
3302785
3161640
3635176
1958705
5182080
6320711
1832042
9866469
9796163
4537442
4169912
988088
6347374
4492738
3194064
3142523
7945055
1416472
5208669
6774335
5554608
5734509
7203887
5635265
8817693
7971023
5328111
7136618
4336423
4184994
2513998
7636779
9860555
8663094
2109403
5040201
7497722
3939009
4904234
7291447
8474012
9071706
8277095
4818944
6078353
3985067
475374
4020963
5399092
8197947
792849
3467603
3930006
7994284
1616767
5261597
8479205
6942422
2395759
5329522
3641309
7423649
5480192
3499402
6084280
7587131
1053491
3579536
4040025
5955257
868515
2511567
7540844
1659490
9844390
3616723
5642082
2833641
151561
1038697
1029109
3458283
7020171
7472985
3966436
8634454
2732098
4959507
5574389
7641721
286541
1729560
7579231
5764241
7742821
3661017
5865230
1310168
7238056
9902757
7262926
620423
4928176
7317620
2277410
7286414
3448191
433339
117548
6113596
3985879
3660500
9569368
1003538
1130972
6049643
9635477
6376906
1006633
7723700
6532460
3807006
1967091
4109169
9568725
2223740
7767661
7947781
3531382
7519542
364361
3308130
653786
7806357
623218
2928663
5090237
4068873
5875817
7721599
179930
9859156
3895910
2263109
860151
7540691
8310207
3009434
3915050
1830644
730585
2961313
5635100
2695124
7067929
7717623
7432661
7349387
8179199
961485
4866370
8541000
4267055
5517594
6344795
4887709
960044
3948818
1470367
6833293
4184200
4164079
9206230
593891
6424615
2580159
8132007
7248598
5587016
4560831
1593016
8831373
7519563
9741886
4040266
4584909
7456924
1470342
1931709
5633535
2429238
9311841
6688296
6693701
4826842
5546849
4095167
8300643
2009422
5562936
7647689
6191023
2240767
6851318
9298663
1179130
1945224
7428064
941474
7529633
1986286
2531880
6358395
9503238
2271153
396048
6601884
2241813
1863773
8530975
389081
6806743
7840195
7074755
6014174
5180765
5135332
106715
5995133
7142126
8183375
6156545
5846870
421510
3005230
5142899
1598005
7464170
2568326
5053193
4991164
7068325
7582432
3863270
6568920
2367293
6773025
3168158
4606459
1150502
4212836
7509242
7954594
4566731
4581345
3966114
2261193
9714021
6586525
8253669
6853488
4767240
4407553
5214049
7702439
9926471
354283
9297778
7387974
5436294
4348303
4892821
2501948
4444415
1269770
1584546
9325386
8040119
4750027
6445519
9187942
1476535
3952081
9656206
6040583
8530742
3619636
8299090
758428
203473
9066422
125578
7484374
5987635
5336934
5184119
8427763
5688522
6995552
8329392
3638469
3857507
3219512
6137715
8299220
4486578
7719556
138252
5040342
4983227
6581062
6741926
6457051
530431
6395419
5011272
1574810
2528691
3307645
2330520
5245797
4887700
2453378
2727449
872612
7787588
7908843
1814002
5989735
4901668
140665
9625474
8756444
3357445
8276808
9569282
357640
5993628
9704797
7911596
3490468
8799472
4650781
9944777
9327160
1043456
4953304
899225
3569401
774554
3226996
1328800
8175855
8193974
4053497
1562065
8495160
4475936
3373310
6998489
9374845
3511215
6621203
644880
9382249
7411599
2727749
2253475
5918813
4946131
162302
9406511
3742832
4810311
1864868
5583570
5850993
9331748
6480018
1933968
103523
2220587
3259987
792948
411778
9827052
2352229
8904152
4300202
5722751
5899853
6188609
1747528
5034616
9347048
1126983
2443420
2072002
3377662
8359435
9531686
3537164
279498
5788068
8344673
2141562
1368833
6709212
1470503
7846044
1156723
4087569
63820
6930250
4877704
2989136
6754488
9743469
1890472
3568224
5463402
303857
9754012
9724460
7852002
9098237
848618
2808948
3683764
4223452
3681907
3212620
274138
3958573
1514207
1132329
6097300
2880204
355056
81317
3239761
1508939
4166045
3300739
952698
1557258
6287031
220692
1297880
691007
3786067
9274784
3508365
3537228
8996391
3873865
5148962
9842154
6679956
8829868
6579099
359003
4555979
9366727
4314713
6067322
496191
2925499
1461011
848379
3003948
4697903
4870799
7167121
7995769
5820624
8721504
6796276
6038439
2532859
756
9821627
1804762
6022591
3355972
3314622
9893571
1018400
5670241
6570640
9845379
2246450
9443104
4398466
1610285
3754924
2979245
4619932
6677526
4437358
5465413
9678574
9132360
333310
9359145
9641578
8667381
594095
8951299
4702913
3124045
8949146
7037981
7442248
7485176
2907391
753955
7375832
3922874
6421278
6459905
3765333
1181159
5900087
677228
5304872
2168438
6169899
9921878
8843037
604328
5384361
1035032
2250109
8231090
2907595
1888752
6895536
3498754
837113
4111862
6619859
2299670
1146901
6575516
9781903
4051347
7326525
9671140
7971273
6261206
6128095
1733655
7439414
4541581
4924281
2741331
6707064
1091223
2660251
8063494
4208943
558003
1611916
6456089
1302482
4516547
858227
8195051
8012333
1692372
2303943
7145573
6505422
3447871
3718116
8800702
12594
3558016
8468864
7980888
9816243
7110330
2227913
7252674
1648928
7149209
2507371
869357
753796
7680986
8929861
4959748
752349
538784
1412844
2051836
7568687
4784426
2760241
5578021
8990150
5061183
2720593
5492570
1022402
8952056
4290266
3548341
2507064
5272474
1526219
2320296
4896144
3751119
2086308
9058409
3413664
4590663
9924748
4164441
2268629
1367940
1637520
5534307
4420053
3047339
7583118
1985713
345089
340330
77057
9332209
7914834
2794617
4821745
1450553
4259989
1625326
4995857
6764014
9411112
9035387
1597621
4304214
5299815
3680884
3359577
8710432
8268499
5797629
5388176
3050429
7162517
7022643
1098035
4095867
2583278
8678096
8594875
2925308
1531718
8668871
2254455
9443489
3976776
9589487
3407329
8233698
3728098
8400117
4994642
3136139
7432432
6589190
7437279
2729172
266999
3310132
3952879
1048771
9104681
9337974
6612471
8780467
6357533
7707421
5389601
1454076
8898781
3981387
4376294
427408
2647166
9144009
9867804
6620847
8730400
3272036
4851447
2455399
4185405
2359340
8104789
4131086
1461779
5538963
9373505
1725671
1362339
3323275
5287684
2980261
5174489
4413394
4273967
1528907
4634051
9660451
2979865
3529713
6155070
9869390
6470352
1315465
9010275
8851383
7933186
253901
4636643
5297856
2706170
8818917
170416
807826
5463221
1629060
8860006
4833589
3351593
2735558
670076
1152489
5712678
5841422
8079091
2499852
7367183
2709996
4673507
2860251
8752911
825426
5242842
7736462
2137737
6766314
6584689
2584118
7017057
1218173
7878814
9720067
2550280
8046067
3041081
8010337
2188314
1897920
2840758
8053090
7146661
3507664
9202407
2856166
1862264
9794676
5352842
1742623
5017846
23170
7116046
6283928
3361766
2355705
4017207
5496318
9118834
598709
593600
6132702
1813693
985575
8365929
6877132
1544800
1403816
4884273
3729917
5814890
238185
1779808
2958350
6258999
3495364
8327664
8118058
3286834
6193651
9857473
8301471
8729963
6970309
4582188
2088516
1839152
8596180
97970
954769
1708023
688351
9600604
6034847
1670704
7963310
2908756
5728632
1880252
306154
9455321
7691914
541109
1231898
3163384
9313227
4724029
1487814
9944402
8007626
7678227
2314988
8822210
6404950
9282055
5917507
1006574
3634315
4510441
1101298
7102188
6215215
4302751
6699541
2246811
8486555
7175950
7668664
4211931
9052945
7971560
3663993
9257951
1025761
7408982
2418073
335724
2129746
3902621
276859
2650456
4093931
2588578
3985747
3011961
4383712
9899980
4015261
8014751
6923496
7629633
7630013
5651784
4445455
4326272
411664
2928726
4015289
8077042
9653722
5581299
6045313
3314426
4835959
7067782
3236467
7250738
9916564
5362917
3666414
190125
526426
273398
5291754
4508872
3282056
2188515
6921899
9810363
2716311
3842088
9953039
343014
9490561
4395183
7182326
9898911
7320594
1194299
7972636
6970999
6772279
6530981
2798456
1604917
6111793
6031599
1368682
6025031
3907541
7548121
8728179
6946989
334540
4016602
3968880
6129614
6201782
887444
5936641
8914755
4726193
8402692
1770781
4213412
2794532
8949763
6625330
2628133
2657067
7110970
2112135
9425997
3638600
7423591
3543913
9747039
3451835
7425591
5768713
9872370
7486705
4493533
6815998
7817883
1023124
781515
3944133
9737892
14181944
2393758
1165630
8904767
793079
2933039
5631158
3584238
1879427
2253112
8725346
4533117
9360703
834101
6472085
5512273
8254309
2528966
7772280
4219110
9951170
6053957
4088091
7434486
3060451
3417049
7765328
4080181
6711521
1706065
3814676
890067
4096424
4976907
2307785
7402454
422895
7935539
983287
2298917
2701596
2221577
9344977
4575241
3052267
8330002
84102
1303162
855553
369318
8035207
3319657
6419856
4636230
750722
9476886
566208
8512627
3553642
7274304
2731617
9881243
677294
9340964
7371071
2981648
6739985
7790532
3430104
236188
2602364
8644615
2454326
4460253
3216415
5503151
2786812
5813425
9319220
3638919
6179296
7350979
6955128
2595703
4500110
218750
2069136
5062864
1244274
8135674
2333711
6488786
8013458
5523898
5826289
5381067
1018435
5079162
3168135
4445073
5311883
8283383
3086219
279091
2740166
8815515
8295121
5523504
4625465
7610865
1675299
801284
7474717
1143299
5909858
1971345
3874918
7975510
9547076
5115707
6107697
4393652
4117356
6634018
9914059
9940153
2011592
929000
5015820
7692583
7886928
2840557
5972468
3486000
3116147
1225484
4814364
1407764
6745483
9436323
1531474
933626
2750450
9002681
2073414
1173148
3486865
5944819
1661495
5546777
3573361
282027
9936910
7687197
6912524
9847447
140179
1436944
3289274
7668825
1642353
3689027
505853
127643
9687848
6134820
1349594
4498678
7539049
8091541
6447816
9066985
9021629
1711079
582477
3607853
2880684
6582150
2065479
4538634
2125380
8151644
4817112
2058741
8351642
4242436
4418987
8488267
5675825
221058
6153535
7314620
6422878
9172180
9955054
6107164
5303437
1301084
3118629
2838920
9389059
2079229
4418688
923470
6303089
7513945
7044102
9180200
4092520
9106006
6231609
8730675
7254071
3561493
785835
5602132
316698
7717590
6603166
5988937
7935061
5269466
5816321
6870701
4438055
5767783
5490624
2254251
9581625
8605657
7605926
8967086
3197640
2021015
2403307
9497127
9531357
9443805
1190074
6136624
1062556
9934427
4863690
829370
3492309
8162265
8944241
6321745
5876240
5543791
2307066
6324036
809638
636119
3191116
7760424
8916631
8678117
11050
8494630
9796499
7613348
9974439
2990509
2147084
4890466
5000356
4191160
6846989
6186794
324147
7905907
6117583
5184197
8731636
2122602
3342819
7672233
8440703
1731765
5728730
3260473
8052152
6534718
6409293
1239617
6807841
7838622
2430431
9331587
8845948
2223272
6941277
8816727
7726473
1601051
6219883
2723165
5788546
3063206
8906292
6109025
965444
7536557
3805903
2209761
9655487
7145048
2394671
608866
8873137
8119723
6382012
9437961
7167113
2787623
673895
6487622
622560
5616992
5815523
9464820
7836576
5269462
794209
8075709
6866820
9526750
795179
2651671
2586259
2214125
8756997
6064355
9746982
2559199
786765
1915117
2216894
3177731
5036628
3602675
3810097
1414930
3036926
973498
4198840
6223459
9973758
7334036
1836735
5785563
9311490
2185943
1051304
2618329
257929
7914400
2141354
1049382
562344
4723885
3259778
1831964
3300861
5519380
6903782
4083893
9947114
1633292
9774239
4980004
5232229
3580596
8907545
8265413
7066704
5618993
4485127
7036716
5465635
6318114
2818530
4773375
8500306
3866082
9904303
1270833
4293079
2041901
2316458
7368018
9278379
8088829
1712573
2575478
6120798
8612591
9171958
6064147
242116
8942429
3556734
7986927
2519255
4976860
6248567
9582185
592078
3246271
9131476
6053935
9560606
1946226
3339881
573483
8324877
3240400
1840531
2614170
5278514
6669554
2494751
7069455
7270944
4203532
2157493
3387948
5328680
1325655
1964650
8083351
264286
8033937
6066477
5296091
3006994
2311241
7390823
3595266
5553705
6518491
2161745
17626853
977258
5497814
712875
9298321
8734400
5065943
4425026
6525448
1731678
6915958
3591083
1515152
3632019
5744752
4899275
8956874
9582932
9376450
7036396
9843388
7406556
5615393
7651998
409716
7922799
5038985
6517497
5989018
4069989
8675402
6128383
5043405
4169374
9353766
6854233
2899928
4415862
1275412
1937879
8660042
703871
5525110
2687693
6848388
3782359
7583113
5801405
3361434
9472056
5350293
5717313
6874750
961824
3365448
9796953
1397109
916918
8826934
9898611
7499390
7498466
6023122
2538922
4180318
7889365
9389280
9592721
4817702
3177165
1526720
5990215
6393506
9564300
8674025
3238009
3342773
8769603
1551879
9216670
8237769
6898281
4930092
5108626
7856211
807997
7418035
1765776
4237369
6241070
1660487
1732858
6251986
196058
6784229
2944751
8081517
6169602
2533564
2895310
1859209
6572726
1397966
8248802
6133112
68076
3999247
1988320
8833761
5547207
1201071
7067609
2441567
8643592
4688663
2810205
9447663
2102771
4572053
6197455
856263
8744961
7926382
7104317
8937085
4706676
45132
9531018
3388692
5091110
2422388
7760312
1659894
3816411
6005170
305413
6396893
2516822
2289785
5226705
8060080
3486905
4806714
3014046
2126543
9491422
8336647
4086601
1590235
5421094
2796449
4958890
4162093
718868
2059243
5611566
7937930
4616760
5138616
1322653
9703900
73385
1595345
3876173
6402175
7596540
4177610
2795091
2625736
6463417
534169
3198187
2462692
5336900
6208249
7101603
4824337
7057262
3700568
8926935
2474366
6493026
3881833
9148818
7207900
8453433
4756388
7658185
5582548
9891005
1493190
5282447
2476741
3084532
9154617
8874911
3193418
5844572
1665994
5815146
2303979
2196152
9009321
4762659
45391
7729908
1860246
4865711
4783152
5556795
6304978
9769849
4562152
182789
8914643
1766027
1148548
6183357
1936537
6727067
6070332
3425696
4521835
8543040
6506195
6188769
9930267
9695576
2029303
1592223
8023034
4329242
6300685
9544665
1604209
6342031
7270527
5976760
3720046
2049630
4045857
20974
1815427
8603956
2716061
3242367
2882280
6376904
9421666
4814758
3099912
8004290
8236392
134036
9059618
7254874
6318739
8985819
9462735
8343973
3090324
9998050
5185495
9386936
9538641
9301981
8241244
6805091
5274663
1957211
1366993
1832792
4490455
5694689
2949016
9718783
8932971
5827209
6091600
866900
637877
9187421
8867098
1386529
1833715
438974
1153659
8148357
9420695
3128647
9004582
2506918
3122596
4185975
4406102
2657132
6000202
5159591
1974468
3787109
7112693
5853702
5615789
4115387
1544278
8560690
3830055
2989484
6900134
9917536
3852264
50242
1617187
5231592
1432647
3446777
5666440
5098532
1591006
7599358
8223049
3107809
102144
3857864
7289650
7020463
9027213
3285716
2175917
997542
7068685
1800821
6847102
5196683
5912064
903587
3753227
2254324
3888923
3165564
2167710
253389
3211655
6297096
5480827
4640147
2256069
3659462
2250873
6359268
1254660
2986114
9462916
3868993
6839814
6748401
885290
5862860
2546301
5573390
9372584
2127167
7370039
8731866
7319676
5794281
9631277
3585079
8044427
3516022
6746463
2724309
6281581
9953935
1533573
1758223
7106249
3785456
7929849
1869285
140534
9180318
4851207
9599257
3045117
4203179
8859815
6442562
2578193
3918269
2011753
1946577
6041235
1893941
3190591
5873058
7684016
2817661
1970281
8240587
8845825
8712534
3477036
5123193
1178607
5006394
9393552
796991
8787632
7319182
5178409
8923946
9011630
2541745
1035331
4568874
6740698
9890919
1007209
1831015
3804959
5531083
3773360
2358313
9937142
9476068
8227135
133274
2289491
193178
885973
3647428
1417822
4358766
8766377
5108536
9360914
672035
8417632
8144298
7986967
3591790
9580344
9510697
6129281
3127772
4075315
5382075
3014434
7594617
7208830
9331484
5637790
3494279
4201885
5570668
2966081
4941105
8216026
7767655
7646365
9097728
1410811
9059914
3452220
2689266
6680527
5325209
3357023
7610232
3465227
3856061
3714092
5557640
3362474
2355440
8681127
9949855
7733227
4207624
7540182
7454118
6051168
5690032
944103
248758
3772756
6422239
5185565
1984483
4185595
2827630
3594261
5592103
4399592
9558528
8277063
3592164
4879429
4146129
1198086
856698
7997879
4907865
6410024
1356038
7258990
7603186
3817927
7504250
1806490
3870141
4954047
7853335
9555849
8410177
614119
3324278
4828089
8311708
7820783
9009353
1135006
3927063
7113474
8046615
3481255
7902553
1634442
8356345
2044342
5344539
9208701
37878
248061
8130733
3905923
19056
5729571
7719501
7518956
7531711
1585290
2468650
7897044
3653136
874472
1023159
6973056
8214554
9330507
7305830
7219545
2977502
1228529
6845006
1019751
4705417
4743191
5166176
5573745
6783163
506344
7294425
9333019
3266382
5420782
3234565
5797412
1145975
3466039
3311987
1189656
5046946
8292606
1598667
1212049
1679043
2617438
8180716
9889207
4459906
7998507
9620711
7433014
1738993
8977673
964721
8956365
3716466
8642849
4525709
3011579
1661142
1815730
2340193
7439470
7232106
8086703
3232473
890023
4064683
6540049
4591618
9107215
7344592
8702221
2831199
9019217
3831593
1007496
1420355
8287077
1517932
3552994
8232019
3252499
2526240
1708664
2204435
8754628
347082
9242064
1761774
4520143
1053360
6613884
1955176
797380
7212500
5183210
4199314
1272741
1718816
1302840
2891863
1575314
614
5718615
3106434
3827757
9238012
7038689
4626734
751490
587228
2854297
6515884
5625362
7074854
8715860
4375530
7417474
469813
8649192
1933152
1518707
5258609
3883861
4827970
4982991
1578952
9022812
6251259
3293294
321177
9138647
7380483
317314
4852783
482437
6656942
6602665
7516643
1279192
7349670
615737
6645354
6377418
6236610
6232070
7605139
607648
3645052
8070459
1768698
8090060
9584669
7022809
4485774
6924492
2001300
6060224
5942801
764407
1865365
8775825
9898547
1757692
1604982
7263172
2235618
8257412
3861324
2264099
2048442
3722830
5391671
1205630
95730
1623762
7433180
212699
4743239
3590060
8278633
6507411
4191945
7858775
6042044
1189542
7295088
555164
9761585
3233355
1315036
4138767
2004643
3725398
5891920
6121437
984029
639349
6890659
7357162
2898903
8934555
3591797
802379
2651988
6199329
2421590
2596968
6407476
9676627
6182473
4681553
6179482
2886213
5052121
2216966
4071194
2342647
5283919
3828215
8087790
6594389
7962415
2604217
315218
3849766
8721084
3811028
7000894
5607169
1163615
2411573
7053499
4750834
3209373
9700907
3461935
5626381
4809645
9864827
5298424
987532
4541793
3989670
3869156
9589325
8718397
452110
4443731
3997722
4275731
2526925
587514
4749900
5126544
3414485
1111417
3843026
7220910
8107707
1961942
896271
514674
9010833
8158848
3719437
1223481
1616171
1857558
6028512
1476383
7151366
9527780
8529911
3652769
5908668
630967
2366544
6356156
5070074
6359641
627261
7592373
9458879
7888884
5230639
2868733
8995670
9069032
85009
7098742
1026338
976643
7608778
2548884
9130852
1323575
6284075
3258732
3176489
2307943
4730470
2839560
1831075
3255732
6487679
7735092
3882047
8849570
6602946
8947466
7720907
7225550
9051533
7175127
5109775
4277511
39199
4100782
5858231
2635895
3711210
9396254
6124223
1315320
4456820
7766756
5150575
736223
1020814
838741
3039490
5746607
3673623
7382238
1514011
2672973
7629000
5391375
4034211
4227262
6850508
1750431
3964476
8413704
1437220
1585912
2686524
3988078
8198352
1056412
6619278
1904866
447969
5255154
3215486
4900088
3017208
877710
5631607
6549669
1711745
1182742
2291569
5380659
8560270
6317221
565272
8700910
1703883
4594768
2923456
1066026
6340481
9399565
9475010
7772980
980756
4673163
1756335
9174383
5724850
887238
1074521
8684442
6137662
6801628
3579798
1666489
7674604
1723023
8211422
1897964
5417379
3014604
9790235
6489261
9327084
350764
5185427
3542574
4940786
620488
7120204
3792870
15303
6590463
1561099
991306
3775225
5829031
160934
9495318
6711511
3747048
8175000
5360764
543915
4266387
9538841
730106
8500996
7745496
2623303
3913607
3271683
4925119
398096
5110346
5271110
8095100
8648144
207119
8710810
8279921
3995210
8721332
4865602
8067878
2224207
1152394
3892123
2380354
642924
3115197
8638964
1329485
987521
1694438
8107431
521567
4936101
6603630
778617
70957
3028789
4045499
4991274
5938434
9151041
257579
4028728
310730
459891
2734729
8585841
6966642
3967602
5962983
5029706
6186994
7110561
1433364
1078882
265019
7060093
9713025
1589682
559143
3918992
2208640
1075884
8850266
8807443
4366024
8916393
4347753
8406692
3902834
281354
69250
4155578
6821597
375143
7126982
9551487
1472495
4088782
6030598
7430634
1629995
4729098
7052701
5574863
5803131
7312870
2630105
8027656
1414051
3184394
1941793
3617836
6771773
787201
4936772
1132937
2215085
9279663
2051118
6113056
2072504
2115503
263767
8889234
5002129
9902231
952202
6469752
3986140
6977926
6411864
8127611
1702147
3459687
3697595
16750
3284028
8839170
555875
4693195
2018679
2492783
822496
1301916
5791447
5754378
2429962
8001641
7545501
6992539
4109802
9613109
9103145
6885023
1013796
6616726
6782353
1961096
3081575
3279941
1450469
2004885
3918997
5664060
5459663
7611682
5675899
8738779
6445939
6226861
5943412
976054
1231079
6760990
4789403
7017606
5026800
9730795
7530676
2567377
6718409
4151904
4691911
5816626
1031998
5700778
2428421
325771
7656941
8021415
6117129
9102475
21363
31188
4761596
7992439
7637929
2948906
9242627
6595276
1687174
5181093
82735
2913305
4453487
4867188
2442312
9475335
4593031
2484387
2037757
3822836
6631334
9241062
9634504
174725
4936879
4574315
495533
2588857
5107117
6607697
4202717
7639865
6633916
1475695
5627333
6783226
4419628
4864986
5889879
8618178
2557455
8483989
1526504
7005962
5862548
6480187
6476314
2966947
8959589
1025437
6784797
5585935
261510
8930663
5755669
5193398
6016337
8762561
293612
1118459
7881613
7007683
1269677
7026881
8478377
6892008
3805104
5409354
4268341
2206330
4022525
6820788
3201662
8060372
3821739
9059198
4535546
293039
4537483
6006471
3829811
1317262
4103739
4086302
2759256
2370739
1791029
8770569
1128275
4595967
2400353
1521212
4114973
3665000
8543062
2588318
3068327
4859485
508989
7331633
7060778
7042829
4147382
257400
5098160
7964080
1827907
2145014
768426
6360344
8146438
4593190
188909
2245127
1190793
2943113
7127165
5493120
1708628
766736
2600382
6620275
2282889
6710295
280215
820890
1809902
3343478
5675310
2313826
670044
5247372
1867938
4812357
8016053
6961026
5287716
9838886
1617317
6051066
8710506
9758677
3155529
8894335
4515075
4341240
1832366
4153509
2345627
6052260
4915158
4940921
2667446
7192958
1646125
5458921
8008755
5967286
8797305
6195321
792367
1978603
1437594
2655205
9302211
9448545
2127480
4584823
1798678
3739691
3147135
504076
6009611
6297554
1909653
3035926
3150034
6253257
7184320
8006897
2300400
2094361
2942700
4962726
9282198
7100055
416525
9802181
3062216
1725056
5992375
6365807
6214882
7424839
9015881
5511962
9384603
1138227
2608002
1178145
4872781
5749999
4193435
3393604
4558765
6097946
6424388
220007
4862410
3603562
738109
7157662
5692774
3675659
4631589
7486172
3286914
7559312
7283198
8860326
1795563
3270415
5220975
8005286
690093
6748046
3512085
69532
7881109
8631273
3758863
5265074
6892456
7947128
8653508
3962401
6556253
7589074
6693585
3929839
1187459
7426516
1082322
9391406
3613347
8225081
6872395
6895077
8295561
6666760
8266568
85936
9931986
3482353
8086031
3133240
225207
4109274
5713929
617472
5251703
9467594
5877347
2138959
9925873
7042005
6096157
8993274
4625874
2784536
2917906
8324478
2722195
6511370
7710673
6330330
4731239
7094206
5736544
3021584
3755749
3997895
5618653
3682516
9991379
3699463
9326885
211362
319864
5035588
3339959
5566339
7014306
9212077
216419
6934947
8765201
6307342
8439339
5902192
1602993
1352007
4221431
6836301
7858137
4443214
3161388
5100484
1532175
8892687
633173
5282677
5401685
6246576
1476294
5387812
2457138
3314277
5593920
5288099
8344608
1444973
849179
5353654
3168141
1060337
4799691
1928079
9878766
3233764
341356
3992844
4580502
4557517
3340226
4949719
8995458
6496340
2561280
3038709
7900102
3189175
8316107
5812859
1946823
2303471
1195389
4398677
5612463
9300375
9681489
6468136
740059
3041731
4332851
3902909
6613127
9127248
8342045
9002949
4872067
8678103
5506846
1963622
3230319
8841770
6908038
4736825
5332806
1980365
7770227
5743952
5164231
8597377
1551501
9622094
3411887
5257928
4015457
1535387
4552986
6207980
7998204
5287725
9244390
2325733
1701663
5852193
3964009
38382
4849816
8830748
8711156
351332
789039
1936143
1704122
208096
9183985
9547944
2183124
6948875
5286557
9858367
8057263
9349068
9475119
1463806
4601651
6001582
2993846
1665641
2204213
3503052
6948016
3959604
5823433
8644325
9806442
2298438
1193703
7167252
3640179
9899499
29576
6940209
4346632
1728334
9659292
3525251
1270911
4353400
2985109
9068450
6722748
1037000
928498
6192493
2495432
8041125
4705050
8000252
9701388
6903884
1497924
9160374
858105
9832325
315666
3175513
2125376
1503981
2853729
8276517
1398090
5394265
5211333
8255680
9633556
7381581
1775534
3415421
1729582
7271596
2478470
8446929
8303193
5917916
7150369
3309571
3953635
1850012
3820767
3649613
1264837
5313279
2804574
4633880
5140189
3114824
320328
9776499
7129739
5684989
8047595
8522407
1073831
5769857
9289014
701961
5662363
1059120
4111953
7386516
841637
9101344
8344364
1655749
5013825
5489297
7476235
1478374
9850222
1291562
7638898
3625969
6599398
438028
770756
1734141
6063758
1085637
4021543
3188047
6765175
4580039
4221353
7833553
344441
3504911
1046409
8517698
7074924
5152903
5898753
427452
4248784
4237653
2077736
1773495
2237836
9548503
5762753
2082588
834595
3396179
8219437
9944871
6345085
8984717
4189888
2403365
64875
8205951
8102283
9340921
2780507
4834504
9685341
5635814
850280
726262
4148024
436066
5873674
41285
858025
2633316
6789796
5446617
6917667
1538486
7505974
2674920
6131925
851419
6065596
4345858
790785
2405175
3325069
4975165
7319383
5900786
3175606
7932506
5236194
5950599
5277847
4916019
4097249
6122609
8153115
8239753
9069507
4021267
791867
2438360
9165411
92489
395803
8593902
1625446
7896247
1263291
7751840
8742133
9839705
2092163
2043734
4755696
7928046
7013361
2069539
6339644
2699777
2512855
1570294
1161183
7785156
8997119
5252884
6418569
7144684
3487086
5482524
3676750
6789752
431681
5352957
6876684
821926
3941300
8496571
8712612
7715381
8759200
9965533
65874
3362149
2003701
4816002
1284627
1527844
9396322
7618699
4222048
1903603
1699770
5377655
2199535
3207663
3141313
8612524
2863118
9139169
6605817
9050637
5923336
7031912
4398007
5310785
7848250
850070
6318117
9071622
1076210
5071723
1547913
1136488
8428275
3546016
8463243
2223654
7584611
370316
2353102
1801055
4784666
6563619
9689455
6978593
9765673
2825158
8101858
5139532
1958715
4702061
4184554
392787
4244709
1093295
5697953
2087339
1937744
2010448
3669690
5524683
9592898
5211977
9171896
531898
1268716
7629510
2749921
8847695
510545
7613742
3159467
5289575
6688076
2843285
4778882
8964461
8179154
2875098
4098350
2648577
87867
8277258
3035718
4326928
9364905
1244373
8924968
3813349
5765521
2589004
9332377
5352763
311677
8498616
5879002
4091085
8638817
1139614
2933118
9143698
8747691
6086919
6943958
5430099
1440887
4233522
4388889
9614370
7102948
997918
2257272
9701491
9269499
7803664
4022740
1145076
9042357
2942026
4952743
4802194
8041697
6795786
2665622
864038
5288713
8538935
4949433
6438190
9672856
7876857
5576193
931203
6474431
5030806
8871955
425971
9258627
5771494
34638
8872223
6763707
4802556
8568007
8543851
2600512
5101389
2199568
4153509
554054
7146597
1466340
1106388
3936667
4126244
1964707
1736012
2659458
6908418
8168480
4842942
7295902
6255299
8284770
3764606
1280376
7150995
4184846
3049624
5433109
6730102
4432464
4707432
4043273
2994734
5761896
9154397
606734
7955723
3302163
1155045
5096575
7279109
2255686
1543846
1399605
6730995
3274108
6569663
3633661
3953186
3923203
923807
202728
2202215
7199006
3993697
1863802
3894442
7037558
9807499
3135131
1464256
4509164
7172637
6969573
265291
6321263
86888
731593
2134005
3752510
5822392
9407337
6002418
9876812
3317514
5243984
5661490
9881395
8871861
9608891
3798812
2306234
9805831
8511590
2015802
3793737
2885952
8420804
3341853
2687656
1550139
4800313
7191023
1233329
4280438
9966865
7548791
4361523
692654
2193343
624579
9025591
4111224
6621188
1412945
7422928
4375713
7068622
9814861
3241759
6671697
6124208
8058527
6471710
4629978
68509
2775977
7510108
8483489
6112006
191938
2544153
3422843
9893484
3771653
7697450
2370869
3830963
4569492
5574040
8534822
5188234
7110146
2640207
4319935
8517250
57293
8689805
5580029
9866309
4442070
2245879
8501021
5011101
1228091
3125149
5073758
3998216
3145755
6067744
104366
5848188
1122391
3521350
8252165
4888183
3729290
617171
1229634
809269
8701698
9758589
8507988
5805975
2392927
2822052
4317353
4960699
4022335
9891507
4821133
974880
2131509
3316275
5980101
5870071
8951894
3564328
9862403
4608116
2142538
9960882
450417
3259041
5992694
8696691
657684
9716092
1824320
1881424
519465
520121
1634115
9021554
6320196
4021141
4354056
631647
8975937
886838
3033600
6307515
4372163
7675552
2134232
346353
3539712
3596566
6421120
3396200
8198766
8557741
5867517
8643264
4327214
1854290
9850385
4978976
4080810
1668781
6854474
7110701
2182974
8482660
8642677
8497240
5014222
2990801
1639305
6500576
6388055
4666968
5318505
754279
2336581
7446796
3611043
5870350
3553770
26218
1776956
1746590
8578011
7638524
2900256
2899275
2003215
2744689
7872297
6078070
4407514
7237166
3182813
9100881
8230218
1819530
7592159
3238477
7320719
1741851
2249439
3702807
6402852
7561975
6967469
1249814
7519152
572539
9630542
1066947
592781
1401521
2807559
1681165
1550418
8218187
7090810
3547650
956892
7473474
9619734
7874771
4704652
5312911
6969662
2928880
9642801
7072181
8677715
6957525
8808036
921158
3170686
7721241
8477133
132154
1481405
5990282
698689
1105942
7051224
3801815
5017808
2369126
5476971
9078567
581301
5078120
2620203
4048530
2545579
4750272
1917283
9760564
2573515
8880925
5199774
2210293
8463434
3871465
1678144
7265443
4786595
4842802
7497007
5774049
7485276
8972379
4274650
694283
2588638
3836189
4490060
116759
6199275
2477342
9189284
9290886
7549419
4319794
5849722
2605303
1580370
7760957
2359817
6664187
9152182
7553539
8868426
7609561
3935300
540514
7385298
1232188
7893608
4876244
7000175
5372821
6358912
3785112
6061038
8941483
7615233
3061382
1568524
6324790
5532652
751735
8125954
5592348
7581805
3969599
707925
9156096
4240828
5578014
8330553
3386927
5641821
7192895
3506754
9571034
243673
885964
797132
647542
8272468
307566
6014269
4625285
4086583
4585563
6077022
1695717
7640845
7639445
530757
5683746
8385076
8650606
3786341
8477126
2614098
7004509
143465
6848815
2576411
8467905
2745981
8212117
5654684
6246618
293385
8408590
7126462
1084396
9050010
7909160
3902191
7574507
2528319
498999
2153942
8599213
4704938
2305008
6232526
5229563
498972
7127820
3874033
6795528
5598808
8998344
3793898
8252484
5841018
6364166
6714246
8580854
4570138
4879135
7337676
4857374
3281576
6974340
8451971
4841785
4877346
4864359
2410136
7399508
5357200
7074271
8508913
2572329
1889469
7251629
7795728
2382277
4373283
4179947
9171637
2482274
3172121
2959364
728587
1523318
1833709
9953010
2614348
8914022
4825967
9945846
6281568
617714
6914004
7243708
7969668
1785165
2101881
373617
1694837
9969244
9958051
197560
2535382
4357679
9959347
2841267
6733760
4326433
7015016
8415551
9318859
2697289
3885065
2557595
4214403
8228921
2504399
9338897
7136735
9840510
9278533
3412093
452012
8702676
649587
8415465
481625
5261604
1299217
4686595
7740980
3767399
7394285
270139
8118854
7347407
5621533
7362740
4183964
5146672
8288413
3496593
354081
4683597
8564306
4562250
2906283
3578821
3894909
36779
3413091
5683553
3442630
6375212
4379985
6602325
7300784
7371715
4374033
1110104
2052060
2108762
4871251
1956445
4889000
5500202
9297596
504276
5373036
3475302
8161040
3655188
9481985
8508859
8332522
556378
3064843
1232538
4128931
9469835
3779399
52103
7663468
9732109
8937394
2037178
8844510
8748253
1918967
3212264
9852077
6481098
5314744
7233397
8431259
197459
2727313
238921
695447
610413
3707933
8850197
4259309
5699977
7352762
5101888
8766411
2927660
8844480
2889044
4907547
2617579
5451197
5081064
4859736
6898638
9628288
3697939
5640583
1540946
6903893
5486349
8015732
2212324
2713432
8957029
2403468
7950781
9189632
5608948
8554874
5407596
6969175
5324212
3617601
6831964
419775
2377685
2269648
1774278
7776751
9687216
6901877
3221616
4761946
1755278
2630270
4383897
5446879
8264515
5918503
4860783
3744522
6444245
7066764
8967962
7911280
1980237
9428747
7094563
99187
493622
5012159
7062010
8327832
8623405
6403970
8741250
3511084
8667260
3025521
1281475
864466
9921035
7013079
5620048
1669948
9636982
2513929
9626810
7895127
942414
4481222
4149629
9896637
4057963
5627567
7801540
8548174
5049935
7406075
8640980
8053527
2411851
8212958
6374974
3545222
7126894
7626189
7049917
5787764
645319
841352
9162189
559960
7848036
4775841
4739863
9994973
9799724
6876626
7883699
735736
1351445
2026924
625968
7919354
164436
8421100
8977471
5207961
5820764
7612039
5771427
742553
8334935
2139986
4281358
5455411
9759756
3841207
3753106
2915005
4676137
2908871
3468540
5034099
194638
718328
5022643
9987932
7588523
5416263
717235
1449886
9953104
1336767
9362803
111103
2267780
8333834
7828975
598454
8455782
3593959
1334562
9300623
5727498
8125824
4749585
7997156
1960580
1012591
3422060
9146615
6431360
9400496
6690610
6619540
112365
1706793
9117363
210778
7116593
9828134
1654199
7063232
3674786
3526886
7167866
8452448
4370601
7506721
9044429
5336262
1094205
372515
4630408
9331577
1008212
1889866
9838604
5478662
2895974
3254180
7135145
1837200
2648190
3819267
8450251
2754065
5519569
77474
2958351
5146021
9899113
7122406
4719108
6083753
642794
4396826
7046052
5006893
1897044
6083977
2853002
2984744
8966337
7476903
4826164
9968039
9360258
4658257
7956541
4766070
7905922
5085170
6596754
547594
8897918
7556837
5811491
6927317
7627789
1279670
2066813
36728
8395549
9295745
8630305
1548165
3686040
5669825
9064878
5576551
4263620
1911344
1071110
3223419
9381708
5890734
5701270
1251776
3058800
3651267
8527654
958177
8729890
7634212
4015574
137610
7700850
2336865
7058374
7838437
3609980
1634984
7868609
4515324
924170
9008706
6056928
7120001
4671968
5115242
5206339
8929022
7020020
6270881
4662225
8911510
4671396
2873275
156714
7723623
6517967
1194144
1191575
7757631
8821777
5200569
7888660
6516045
7530852
7456802
4347898
3650598
1601551
4726271
8159333
5035484
3728386
4209670
2148892
910112
9318317
7348635
2348890
8848091
6129269
9520867
7753001
794063
2387539
419463
8511081
1415252
1607000
9696048
9166274
422167
7406359
9564674
9447951
7446949
9531213
3789233
1090930
1126147
1025237
9243644
6155010
7263353
5963043
813630
8166841
7791086
8155638
3025455
6632549
4278277
2539691
6895270
7582059
7436948
7308098
8602857
8845563
8908460
808618
521549
1840338
8208335
2595932
1281645
5648639
2120499
7580584
9249274
5756349
1115523
1002619
4421059
8372224
6959008
5228034
9048761
4743437
5893366
2067557
3885678
2681334
7116938
774285
256730
4547221
592069
8852920
3386116
9493860
9654868
6417346
3843878
372883
9006604
7635201
8531198
3636778
5209107
7773793
9386448
8834301
8769730
3800824
7199841
8238405
1538525
6241915
2975155
7425202
819134
9370494
99845
7929379
138086
2866232
2469904
723458
1712454
8365673
2726971
3876973
4776317
9080498
4243152
3776216
6708993
2767644
9922639
4427743
3051079
9302376
3255333
1814097
5612838
448459
45786
7144646
9200009
5530574
7079481
12422
4894347
7172603
7935078
7542060
2548461
2914607
775142
4254186
1273551
6011734
640779
8559487
5085499
7393549
4845320
4304107
2670807
4761220
8725111
5715145
4056854
4490053
7522498
2179299
7448118
77890
9317198
6641378
8118066
6389928
6647049
5522012
6072129
7091724
3057316
8613833
9999573
6342052
5377611
3782715
2347024
8527979
4851791
9942110
5914762
9690344
4239450
8578800
6961146
5474142
6803526
3527579
9957421
4319249
5700102
7398762
6906713
7526873
6549713
7534351
6426371
5706331
3049579
5008067
2791269
6100109
6131464
5300405
4951723
4018636
1592681
9808306
2539822
6437677
2259973
964139
8637575
9008976
9536140
5591920
4476316
8849215
1629047
6943284
5678010
7322342
6851590
2577915
7358758
3394492
105454
3778316
1610361
3148218
8779568
6911165
1757861
4904213
4721103
9219115
8916028
6306961
9020598
3965377
5254164
3790096
4922688
6401262
2792242
6968349
4502702
7261725
5810730
6124914
6714525
1481904
5956770
3559276
6569331
3308687
9463279
6667942
7080160
3583147
2325666
5852881
487465
6593031
3266596
5201717
8321646
4692123
4018176
9851741
8650644
9265483
3634979
3566474
8176237
6420360
3044313
2672076
6191573
8848179
8790124
2899231
2839567
4740025
8967990
9402027
8041841
940748
8579447
7631478
4517019
3414588
5993833
7513957
2517091
1769900
2708792
831855
6455140
6720083
676710
5098897
8495030
4304801
1174833
9180728
3234621
4212254
1845910
9419300
5569889
3145489
4827985
8402557
394967
3789074
7797682
946257
7239270
8886576
8570829
1749383
2294256
4557753
9256430
4804437
6320741
4474662
5629378
5285318
3704181
8815523
2893650
4708645
5629756
4061562
3882451
8857455
783244
5721437
8269829
8862558
8859998
3090885
7258185
1764386
9389380
7565286
2703709
6621715
6444926
1267601
880512
8732244
8334766
130002
3529739
7164917
7114072
1668524
2443289
811306
477099
5329990
5513001
6099905
1900953
9388500
7466758
5193594
7619333
8245982
4049195
8988724
1329907
1300419
746149
3228676
1375094
3442893
9843426
7813053
7219879
3233321
9054679
5547674
3356351
5093797
5221969
463448
9271697
174634
3784129
9741818
8013996
1806501
8351093
9907966
1188017
5810866
5094575
1316715
4049860
9136781
2814802
7889128
2946560
3553958
3627163
6831011
9506207
3463592
7153419
9235439
6689913
6201097
7292464
2555614
3804243
2507428
5528408
3068933
2675054
1821880
2803741
682040
3621370
3664173
3099344
7318724
1984375
703254
8628422
8543568
2349367
3952555
6425675
7805257
15841
45813
4629242
9515021
6018729
1775632
8743431
5217963
486050
6028862
282895
4283258
1045606
8320619
7345153
6229974
135459
2658206
9421324
3749786
6315335
2513623
3577817
809016
5726182
2199190
9345534
8068498
8661045
8280508
5866701
8669831
8319265
3005239
694146
6847287
4773811
1946868
4574541
5252798
485018
4850371
2045342
1523558
5680274
9383427
7746462
5808663
4550913
7160713
2067727
3375525
2183612
5638467
4177463
419067
346929
3515917
8480484
9000891
1789341
6856452
7663636
2617872
2370955
8350694
1974421
9654028
2806822
6541869
4899732
3284746
3901497
9454330
4801206
9574672
8830657
5056919
7892585
5890819
4726880
9953208
9259238
9419737
8100919
3429593
9831695
8440738
9454750
821418
9950867
3753328
187106
123739
8880434
2550943
983665
847735
2197849
3783364
7382480
9606808
7060984
3793202
9054010
1855061
3360745
393888
9421200
3762549
8793925
4140945
6224973
8046027
3553545
4318754
3984832
3378099
5268702
5948791
6708725
5212424
9694973
6888684
5329015
8568259
1948829
6305529
1925194
4139525
2598092
1816871
6255530
9651919
5602916
7818733
4016173
1472852
721812
3430210
5228237
9508572
80342
1446044
7547431
6143070
5757628
1525092
9513997
3535509
7466709
8731899
8740757
9670858
5613405
6578946
748289
7555054
5393645
2666300
4203747
7984552
4475985
452090
145636
71712
779986
4154618
4053724
1494605
93986
9274767
995981
2683483
3229965
8536214
8819353
1496744
2570456
842499
5025049
2546313
9567192
3758599
4726315
5173389
2846687
5467393
5237583
8233120
8126479
1950467
6210456
5111599
2395340
6348873
5176092
3168105
3012621
1738945
7171838
5615735
1006486
8160592
8291990
6745574
9205928
7104113
8235086
4285504
7939378
3252900
6824581
7499334
9520614
1543657
5181835
2360060
9520160
2928527
585936
7639394
4871748
9305498
2743745
9776191
8163473
428938
5453396
3685194
2160630
2617979
9293673
5676211
771314
7578404
2414526
2486333
7191607
3158701
6764573
5123721
6404336
6098239
5132139
8434033
7634626
2823055
786821
9663865
8260660
3881835
7295983
5641483
3180055
2548802
5410395
3852599
5486810
3372860
7530509
156507
5983554
6816895
5825431
9263931
6904362
749018
4259324
4088676
3900425
1016603
1721453
2813816
7107544
9362645
1240549
7251222
4694750
4536420
6907783
5464457
8410949
6712812
1098633
4100047
1770656
9018069
461686
7250153
2383615
7984881
7399345
876204
7310810
5733809
2649167
4207851
6475505
6901169
805556
2884957
7910446
5036034
5691446
5010661
6907702
9441016
4770903
1595119
3970102
1671352
7052241
4890066
893178
659887
8982773
2656493
9670614
9437117
9899302
2046884
9931004
9807652
2915741
7234465
5534111
5557557
3951317
4518615
4967724
7265870
7396217
2870813
2294546
5596656
390467
9194887
5030310
5154007
3298995
1509400
9334345
343869
6392098
220154
996386
7883853
2869275
3175979
9829948
2761203
7731839
9753575
5077829
3156553
9497012
604560
1223081
5957298
7632143
6183420
3215782
5020973
9046846
5502940
3126591
9429922
7206787
665861
4576535
498387
2167865
6419836
3351210
1068916
6632590
6856547
8945367
9494463
25122
1284262
4764612
7749555
3546781
9835032
898698
3036383
2948532
2114366
1502619
573261
8290371
4710985
18103168
9846150
2722857
1222339
9268650
2438573
1880776
6354112
2929535
6557566
2766520
8789668
7619052
1908032
5638784
9073339
1395061
8172823
350165
8668588
8431292
3889508
1012532
1838902
9434801
3953622
3945824
929975
4519437
4745100
8149864
5131508
4583800
3381622
6346395
6361349
5812742
736068
5224358
1251172
7286176
499771
33380
7414120
2400341
8181053
6479995
6304289
6346411
9339045
4965409
4770234
3221083
8486823
6601664
5164763
2432971
3056366
8603615
9461283
310340
9262352
4585311
7403012
2636493
3440576
6273229
8441750
4169158
1490100
9685434
3964198
4498734
2227675
3887178
6891582
401235
359678
5704728
6740149
2207577
3178990
4019235
7937512
1658311
3129749
3094771
6600129
8694961
4207231
6053904
1514144
3462074
3148057
8909644
6091054
9097471
5175359
7041640
5775464
9174293
9235907
9732142
6181858
1456060
6128149
5582269
4366122
8996653
1279470
3615095
1196702
4450930
7626800
9126682
8618061
3265367
2213918
5210654
4469143
6413612
3773372
5975747
2384497
9430239
4877849
8468007
8520165
2562014
8018452
4288081
14245110
7246809
6529025
419417
1211668
2649620
5994131
5570235
1638717
9782395
9177771
2827859
6742116
9313361
4463330
5352613
2571163
9186034
3072053
7032738
5592077
6837855
3000915
7969002
6260521
387542
8945786
7289462
5458331
6956660
1569964
9695861
4195888
607759
2624047
5399973
3249795
1126944
3478973
7397276
901750
2649154
2733896
7636275
1954923
7189632
5497645
7034842
6368069
8562100
4059982
4468899
7908706
9569647
4946650
6677975
2465936
6401183
3959830
7916659
3350234
8038537
121261
54863
8638683
2737695
7963573
4397214
6373374
1434928
4303223
7267505
6592813
7029497
7412509
8540112
6727856
5418880
8083680
5604650
3973352
4652384
2582270
4390778
4214398
7521286
1061119
6672698
3914832
7529663
7098070
9773779
5560559
7211689
2337351
6707951
2458091
293278
3613870
8823818
4236909
7909444
8600024
822070
7447640
8521231
1870880
6684193
3932454
9946902
2281184
414498
4591625
4855792
7313966
1314711
4885765
883771
496094
1309282
8405765
7586494
3591742
6475005
7306862
5921419
5691633
9757278
8723372
9297825
1089769
2952601
7199588
2198463
6283340
7155897
3228361
8146534
3832403
9669479
602099
8622249
2592639
5186032
5986700
9898911
9009400
3381121
774985
9497796
4682704
9173050
9592941
783096
8156704
6892100
6696810
3840631
9158023
7928826
3130748
2756434
3390068
2838976
7463536
9665695
2503510
684181
320864
6328195
345941
915244
7459075
2930858
8609905
3438051
2822044
7611580
6811446
6105653
9617999
4002772
7787325
9203209
4778136
5936295
8603926
3983562
9769190
270563
4421002
5408550
3019256
7803328
756135
475048
7461278
3251900
1151482
290747
2088698
4006025
3714592
9540022
6929131
2316743
5486670
2259771
2436918
2290358
8357666
4563510
6285370
6137229
3758956
3572094
2065759
4871468
64241
4343533
5134262
4477473
2260664
662098
2273029
3009026
1129371
2242883
8769501
4789427
2525851
850419
8787671
6232661
2899010
8225370
1057972
8377895
477355
3487102
660464
8827231
8042821
9454394
7473019
4310335
5535045
9530982
9174006
5591489
6383069
6816820
61161
8635931
7471115
2326386
4153504
8592680
7077815
2915197
5890650
9595856
6274158
7186862
5820705
9165354
5404417
9387213
51784
5873954
2866496
3220781
7209716
3417848
5183704
4674911
236710
710924
6714419
9402889
6294584
3089658
8728230
8864265
4234108
6191512
3699169
8379777
7292707
769146
3803487
3175518
2873513
69803
354537
1202726
1743665
8267460
582092
1787601
4133566
5957091
7516883
3851782
9367086
2692734
8518839
9595940
3395801
7741752
1507322
2198877
3339901
227691
1055279
7566145
8927690
7262934
8454407
6212529
8024211
2250025
9380176
3406205
4828307
2243191
4601056
9080448
502775
5175271
860171
7144813
1124481
885524
988712
3000035
3570373
2016017
5104440
9474638
9749880
9120225
1665624
3081889
1856375
5229362
3156492
776169
2484399
4119353
6980799
3017063
6361477
8869426
8931717
3698233
1104712
3524867
2770774
1599579
8692229
6139387
8736481
2325150
7016999
2233632
5317270
3095808
6758084
2930145
2562528
6500045
2042449
4220230
2090363
3890900
1958019
7755281
4659142
6950843
1866706
4148363
2476327
736603
3009856
1400110
4426901
4106633
4917040
9706090
8214625
6117682
5837536
9459517
951241
5362943
4201556
6260566
8450805
951692
1699114
1005383
7443786
3733611
7734012
2042548
7616556
9684076
2306224
4784092
6626960
4164970
1440846
1611677
4893611
4442739
3003822
1828898
1057757
429246
1527019
1780764
6538957
9872936
1232308
7482225
5227904
5425888
6251166
3670731
6369602
7942300
4668133
6321758
4184280
2394162
872673
4309202
4586603
3170910
9085305
1205573
9844241
3034511
5325609
4729858
7469255
8321435
9067112
1035366
8742682
586131
2808130
7789990
451064
4032434
7780562
5670963
1966668
6540072
1850037
844612
4474361
6510159
9674709
1166979
1412658
539367
5468164
5991243
6218610
7061801
9705147
6054829
88289
5022732
3293015
7549519
5852492
4868451
1093208
4587144
5446551
3893306
4885453
8405934
434058
2657979
6585212
4909040
9190012
8427209
5745611
6172683
7445677
7928628
9847969
1366641
976300
5308085
7349835
7186860
2361835
9563282
5749989
2442071
7094311
1551300
2499885
2938745
6411692
3585033
7517829
4366533
9986629
4911570
2764402
412621
77835
1857898
5313592
1776129
2793389
3567483
457092
2747344
1488036
296985
4105909
2456259
5596992
3964016
2151390
7950745
3519216
7893295
2901083
605441
1952860
7909232
3536098
8356462
1486175
3562187
2714903
3981062
982014
7987561
6901938
1051751
2353713
2207430
2819780
5139000
8283162
3268768
7878239
2279444
3557646
4492392
4727594
1662880
8448298
9387225
9605513
4475752
9788757
5014832
7589428
1733500
2915946
3633758
81841
6910351
7187822
5304972
883288
678063
5800759
7777098
1721685
8146342
2492749
4533333
3277209
3284129
310318
3663664
5555436
6376179
8147918
2791243
8030918
9104426
2170325
144639
3572033
1950936
5151325
1153313
3676287
575473
4778921
6266329
7477671
4474941
1563146
869155
5144847
9872099
1154446
9374725
8010280
6155385
6416247
3795677
9431349
6718400
7451175
7494969
3086410
8107275
278041
1109156
9719880
2440192
3761973
3283737
6899304
8905120
6945223
567411
9472412
4232314
9341909
9458251
1215423
3413222
319219
8868434
3277132
1465475
751320
1279221
129019
7159374
5066703
9552172
3869577
5026032
9555294
9464139
3125106
9825134
3081444
5353134
4773473
6835211
8628664
1664569
8248474
8082030
2223770
7712674
4822483
1557465
7162710
8546042
4962470
9990063
9922610
8231383
3963669
665708
2018733
4084464
7816857
7077210
6144761
4194558
4611366
5691826
3650466
7728240
5508727
9240029
3073140
2790316
6067003
4209918
4446647
4307238
4800059
9178527
4528021
2130651
727747
4198838
3184798
8198322
4180652
3099158
8937806
8136070
3756614
3464637
4728631
1565215
3049942
865135
5751515
7653048
6548700
1910071
5373026
4565515
3658187
954252
7347564
9716923
7672253
4302293
6532242
4980393
3472547
3568341
9619121
6708371
275254
2795641
4898414
4447627
5886519
6344290
5091766
9634849
2316994
9812111
3708129
5358648
3185309
1967706
3003406
2242069
3869485
884490
9315641
7519376
4346797
9171260
9744352
4527102
3465252
8784644
9499192
6929496
4861033
1626359
3629560
5127979
4413692
1036016
2083647
291899
9888345
7167099
2434785
2197023
9487246
6134596
7547352
5180587
8093982
542436
7414334
4471495
1418601
9238001
4498896
5757070
8400932
6751271
275842
1857853
8043934
2283052
8779014
2896631
3901075
4916588
532624
8306427
5944263
2607929
1106335
5824264
2283036
6049126
529292
1761934
2175373
8068294
6934170
2777355
1118730
6856502
9756847
2528975
6086147
6763738
794039
4478719
3506648
3577871
8844561
4058570
8368910
131561
6946835
2261617
5039780
9987441
3076025
975671
2586997
6690338
9307912
4861657
2731087
9828826
9131564
7414433
405092
8573705
2699757
1515438
5421822
2448219
4036026
4015933
1719920
7338027
1002614
5218176
3423857
2355133
1784703
1784372
2478298
8723140
6553942
7509678
8702180
2137918
993299
3797126
1336203
2809157
8650376
6575235
5145927
7773531
3981257
5542607
8855175
9188952
7049630
4268581
4145106
3593590
792448
5856606
3439549
4302992
3582711
6854982
6649700
5358989
1147279
9119570
6590052
7692792
9137170
7800153
2338629
122035
1588844
3666396
5439107
2747134
233192
11576594
3028576
6722359
6110758
1875307
5902867
5668294
8651794
39525
1769788
9435792
5887681
5200885
3730331
1978290
2047412
2887927
7328822
3186234
1999039
3910415
3386917
1127747
4218457
5717082
3757669
5798835
1891363
9188308
1053852
2116086
2272784
4073957
8829972
891420
5940789
7240715
9067590
7100457
7271762
828898
6527768
5667313
6021300
2765967
7637118
576578
5645408
7473805
6270675
152309
1375729
9649100
3787915
5585692
7874039
7537088
3892382
9756905
9233249
4937734
4380842
4013883
9003188
5718662
4896799
7451824
2950871
3955881
4543772
2730475
7292620
3579381
905627
3305406
8853185
1050581
6389819
7006427
8515867
2651975
9666567
2399426
4808904
3445958
492945
2674418
974519
4376799
4939146
2715591
1822355
1827808
6720941
3333361
7537935
4125556
3293000
2996620
8072898
7828233
8234906
7873328
3915423
9131989
1170189
5276414
174024
7551461
2274293
8681341
2711237
4448660
1072215
7511587
7886064
1556604
2693800
8852025
8441197
7624386
4075407
254990
1959983
787785
6096138
9489353
4904774
9380571
4993756
5485455
9716585
3220091
3350210
3623434
2343505
7028176
8891271
5025303
7087410
3673336
3698064
9790065
8113414
7278047
7293067
8507244
1342416
2494632
9867032
9775023
2626779
3933848
2537772
4578169
7229390
1141667
6575277
2125566
513639
1560433
118772
221622
4771921
5976731
6352803
9623173
5512652
7751818
4639867
2591452
1416544
845671
4889256
2037696
631455
4690059
536323
1965254
7176072
2911087
4248008
9794230
6836312
9293509
4363774
4057076
426549
930423
8690366
931558
2482225
1316858
3660899
9761865
7284954
5066
1892753
2788968
7748245
6523980
7888131
1672499
9877361
2768743
6217902
500170
7450156
9261929
4973127
7133930
2164366
9212484
6919507
8992024
8497338
1274625
3040444
1431581
4712741
4238502
4870830
9702657
5546697
8523065
1972209
2822986
8519464
3856294
8119637
8775391
2887955
8515449
439218
2756642
3791869
6648444
5764488
3749699
5901695
728935
874949
8057379
9932736
7785772
7040718
937740
1568063
2588826
4876984
8788466
6818637
9739122
8482430
2356641
8253492
2962295
7687282
9280610
6809890
8314571
8047301
2205496
6821317
994167
7469785
3120833
7633904
3225565
6861823
3526889
6462142
7728060
4091907
8902516
8021470
3640262
2347892
9580815
6220369
7216156
876912
5546637
6946556
9350619
7894553
7707674
4820539
8089459
9495908
1621700
6395299
50829
6334815
5724235
1036261
3795864
8836331
8661427
9529043
5689414
4695928
5982443
5925084
8779091
4876214
3937808
4926958
7215358
6026226
1138578
6939116
6894386
6676462
6393270
8752602
7078611
6608539
3564384
7675663
6095687
7693675
4062200
6137753
4019726
2294022
9681600
7806823
1121585
850611
7327096
9318581
5537767
5817118
5234891
6824435
3200909
1680274
1742616
2923840
7697720
5388765
9854174
4583323
4572795
6238659
3327140
14158971
2838411
6882735
1825844
1441659
4567618
8395603
86971
1094901
680830
9759774
8892926
4309968
3117937
8727574
6136099
8646901
7052240
3878537
7978883
244342
5550003
2229042
3159373
3238912
7608995
3004734
329774
4689327
1750930
3648097
18839480
7096874
3038364
656503
8529711
113511
1559634
1124209
1199586
4747989
3391508
2600035
9049128
6500614
3835129
7692746
7655034
878535
1562448
5625080
1114039
7103612
361634
4264571
2850035
7961786
9776814
5687316
2642267
4035249
1842917
3989250
1123273
4872430
7153253
2160483
7493439
8704032
5792189
1200520
3443164
9174838
3791695
4999783
8182942
134314
2683665
5829111
1003983
6753598
3961675
4625505
6364693
4314438
1397557
9205855
2267350
1165496
7400647
7417092
7708219
9234685
3913814
8822611
6614585
1058184
3490562
4099139
9753331
9273864
7807123
5703958
956164
4106279
694849
9130214
4231699
5885971
7466781
5226785
2630672
1419558
9843391
8986464
5725094
1232045
699767
499892
4904987
8091507
424428
2604297
7317282
4329332
3934348
6439306
5378602
9932347
529529
7639368
1713646
844085
5850758
2660889
4941442
9053036
4298531
9164217
4930082
1756386
6898426
68177
3167014
9249238
1562061
8883175
2988701
2252893
1890483
401103
2851814
2305973
2996460
2676507
6626363
9438217
9106869
4512372
9361619
9627451
2142793
1066316
2978938
7984600
6234605
7911427
7028683
524182
7066688
4466160
2271610
6472508
4525377
7946015
5712784
6078475
9336578
1208873
838754
1218095
1601008
3681599
3515098
4588498
6349134
132488
6534093
5447028
7152236
5886735
7581853
9286050
9460423
551810
9778021
5686046
970605
9314071
6201242
544659
3771243
980215
7008177
803981
8917238
5228320
9389814
8244821
6428197
219571
9453918
8020207
6408522
5476367
5116055
5265005
8116203
4157495
3219379
5259433
2551575
792223
7052825
2002987
3851373
6821833
196371
4812963
8643240
8904948
5348604
4921816
9876143
4864112
8233127
1300710
83409
7613916
2052858
9018931
340811
4014099
9546460
9256654
9481435
7169834
4512625
7588603
1318294
7722967
5355350
3860830
1022502
2399135
5854775
7381184
1728276
6042102
2185102
362470
4938002
41009
7791588
7321447
7412422
6015663
8613103
3128
3620523
656904
9013001
6468628
4661944
1066753
5716220
6650668
8227523
219781
6746557
9536750
450032
2092839
3388510
1463464
6999254
9234213
8835574
8718455
7783591
3527951
1588199
5228866
6076233
9370707
5057583
3479572
7893638
3661602
3473614
4021426
6825770
4993878
480964
3994975
6051539
8704444
636549
4269968
1431481
9890362
3797620
1872414
4490453
9693382
5843128
1480604
1434843
4669598
2706305
9209327
704793
4285396
6945435
6771915
6163343
1993906
242373
4047866
8162744
6223222
576526
4979395
3724333
1048370
1481601
9766749
2260042
4625377
6543943
3682396
4506611
2848787
5545680
8987933
2533037
1379676
2975755
3958745
8556490
5672924
3158934
9252144
2465532
2611580
6014918
8619732
4596342
8764498
5174804
5266291
4978573
5742181
236537
1210107
9297751
4225337
967702
1548638
8841558
18841
5221876
5855363
2858468
3274748
7350486
5382342
4645260
317077
9331921
5708935
5980833
4998038
4951909
8437194
7600446
957654
9564104
4703966
2229329
4729731
9961079
9715075
2979084
2704787
916000
4784005
9437292
4390869
6323457
8269664
4400522
4052497
6632189
7249799
9834405
3973482
2622947
6986822
4281363
4462023
2686559
2769349
9450861
7629267
1197341
9558457
1094070
3268592
6769569
3314192
505467
6721439
3020057
3475341
1933367
3926844
766484
1361444
8308497
9597076
2138242
5216153
3640353
8761210
2456730
3465535
5241821
7586805
443131
2030309
2039600
5636813
7306781
3997583
3256849
1011241
6063158
4341684
4270598
2823490
162990
4766826
2052041
3173806
749277
3976165
9607758
1506516
7844716
423360
1094345
9973709
5630263
7241799
1242020
594093
3214433
8990938
8171642
6164659
1011989
2718335
1792213
8309509
9223008
7556151
1827839
5276901
1888569
6089170
607475
4558642
846726
2650246
239528
4103083
9133489
9838011
8116675
6968928
2768445
9201741
9449710
8389428
8950611
682447
8974237
4672111
2180451
9652944
827482
3183151
4878341
5126756
3999721
4092057
2673613
5818265
9359662
7069237
4414489
9957839
1618579
7768266
5115135
1848804
1862045
4239319
1677509
9969414
1198940
6952998
1678197
3155691
5333114
3135847
3828824
6814388
7798642
5999958
8974366
1133158
1690141
3843386
6250592
8196891
7926119
1431233
6522182
9792807
8491142
3443694
2257668
100391
1202629
7363470
4456213
5571691
4109805
6124386
5531767
5299406
5584396
9716976
8445755
908167
2843479
4781586
229561
3149127
3288548
19194578
4272935
7485691
3028612
3030526
8189580
945377
4452403
7218758
3245178
5450539
653092
5493485
5541568
4362710
5363943
9988416
9925036
9464381
8619786
5447434
7270770
4194811
7671390
8223504
7609956
505495
2995715
7830140
6161596
8791236
9531690
2941502
8783897
2550920
5962644
9480445
6003263
2922013
6689815
9239052
8363162
9849868
4723145
6411689
4203185
77693
8907061
4118824
9532676
33801
2073210
6794045
6735562
9735198
5008146
4336114
2747639
510806
4673198
8899826
1808984
4195478
4348268
583469
6736984
301497
54498
2730830
5730444
9251246
4476814
6600537
9091692
9190536
5519154
5801804
1775155
6933141
9911200
1298402
6957512
1974980
599368
3683641
4217096
8114431
526671
6955298
8615799
7706783
8362036
2931694
4409171
2700861
3505719
3653062
5509264
6067122
8890796
3746612
7825270
3358159
337697
6907510
2539241
8363749
2699858
4304939
5287432
5117952
8110233
4751835
9599822
8700138
8426012
3807453
6805103
1459569
3269635
7927785
1673234
4138552
850008
6072932
6829939
6862604
9716518
4846078
5436601
8597835
8583210
3252390
1946512
1427777
2666768
6992620
9782040
7873492
1288071
7576335
2981954
1905165
2318678
2572283
595810
3251547
8886592
9907768
7217970
2146728
7826054
8881703
6275778
1182911
4945131
5612564
8036009
7168494
449134
3463101
5756819
1539186
9222332
7693818
2957449
1879585
4676922
5246324
9743559
8471826
2813139
2715992
367470
7638646
7795103
3470107
880667
6672168
3368347
605461
1325718
3701222
9477632
108315
4874599
6929581
8227695
2901072
4088537
8667291
8870985
9835816
2713287
8083774
36442
5661191
2470166
7220170
897967
2204176
8198798
6217907
7426969
1073067
6363351
5212517
4533618
9750813
4391480
408759
346714
8223989
4100419
2331136
8322741
1481806
9251151
9057221
6889662
5846471
7714942
5751076
5672715
418656
6341629
8215935
8586623
8802218
7942879
1991363
3513166
6132096
716040
930552
7195580
7069806
6133484
4235963
6811032
3031727
4635132
9664507
1246124
1242311
1986049
2075622
2714521
3743955
1123246
9594584
9580827
1344939
7852410
5243939
4270344
4184434
5966620
2847360
5493396
3899890
7345466
8996952
2538727
8051893
9917890
9724692
7628436
8558109
3951037
6946201
4096568
1092901
6601086
5333070
2325588
1093863
9915418
7546834
4828190
1029035
7131788
4399386
4880695
4974565
2150044
9141404
1665716
8107027
4495478
7149473
4513630
4347655
8653135
7042714
2389905
8561381
9274112
2525046
9626194
5731852
9461597
3713112
6815101
8569382
1552880
1647386
9653589
1458641
9184562
6988473
4994369
8823041
1378197
9865401
3787943
6034928
8997139
5443992
6648640
5999300
5100147
1152599
337284
3743610
701991
5233866
4811667
9966426
265586
4428182
5688598
9717502
647964
5010369
793552
2191159
6648069
2953807
3640113
8339295
9932590
1141143
7152644
3817446
996850
3447244
2359031
2500644
8881538
8997972
8490244
6488337
2657221
1334177
222243
3349507
6558337
5024203
3306225
6814214
1959027
1501464
9038356
2597279
6502119
2338546
4778722
5656824
5282635
925468
3986399
7721856
2056889
3645672
4045930
5560366
7083191
6395234
8051282
8471352
7899828
6531796
4949957
547316
372591
5162465
3887087
9437544
2693282
9699925
6242018
4642569
1191648
7786984
9746456
7684022
2632136
7031783
5847450
421374
7947502
9824098
8133478
2510990
3460017
4686005
8061601
533451
1071482
8619476
1511395
8961549
7657862
6451590
2015454
8020689
4120641
5892774
7448465
9320507
8099282
6197064
3953304
9281157
6490626
6206337
9471755
9112985
3228342
5309427
9524579
3682415
5123743
7648274
8699974
1090327
4840846
9268140
4130342
8418891
7877826
5631947
9887000
5525896
4590095
1892659
3536789
8700939
291988
3491807
8011646
8381469
9679069
4471499
7652822
6159891
3184382
7114770
5263068
6402916
4930739
4777837
2591871
2561022
4932649
1282030
6157885
9763678
540352
278409
689101
8408358
8416886
566279
3924430
2997156
2449112
9967744
4204619
2731271
3449721
4722787
1102908
3118957
9184452
1262247
1785364
2358998
883532
7038594
1268426
5804430
4322941
3850454
8355608
1762097
5122639
7019999
1515928
8169494
7288558
4711530
6568000
8211943
5267955
2998927
3715595
7707211
2956813
7910355
2944974
8913025
2623280
4038020
4538471
4314220
7806753
6313968
9179702
8680416
5859044
2954609
6991327
172112
6795189
5337060
1924334
4424303
4863533
5946735
2583918
2142210
648383
1658387
2860621
5906454
7163781
6566329
6120129
2627057
4466795
9055212
1530191
9596534
5599690
6058767
6417210
3396547
4879189
5587013
4583415
728333
1048072
1564839
890541
7833357
9408346
5321320
4764104
4261970
1258145
7338111
8910621
4412968
1502937
1761327
309506
8656801
8317739
8936068
1273938
5290965
497710
5310558
7393927
6087476
3875751
3801211
1990447
8745012
1894646
9080283
9463413
2932786
635189
344019
3272559
33598
5655402
8026724
4285628
9419958
7871246
5702658
3822982
9364238
7454040
6638893
527443
8278182
5565011
4307782
3559195
8569121
9608387
943167
7162993
3474181
7250772
9143481
2209233
1651810
8213802
4179035
7090984
1355378
